

[Downtown]

min_lat=49.27359287285868
max_lat=49.290649162057235
min_long=-123.14269249755858
max_long=-123.10927773022462


[Commercial]

min_lat=49.26059915268221
max_lat=49.28169144052235
min_long=-123.07789032775878
max_long=-123.06181335949708